[,118,12,12],
[,12,12,12],
[,12,118,12],
[,118,118,12],
[,12,12,118],
[,118,12,118],
[,12,118,118],
[,118,118,118],
[,220,90,140],
[,300.1875,90,140],
[,300,120,40],
[,270,20,70],
[,220,120,40],


[,296.1875,206.1875,206.1875],
[,206.1875,206.1875,206.1875],
[,206.1875,296.1875,206.1875],
[,296.1875,296.1875,206.1875],
[,206.1875,206.1875,296.1875],
[,296.1875,206.1875,296.1875],
[,206.1875,296.1875,296.1875],
[,296.1875,296.1875,296.1875],
[,326.1875,198.382958984375,6.77422275543213],
[,416.1875,198.382958984375,6.77422275543213],
[,416.1875,220.155938720703,94.1008422851562],
[,371.1875,121.942834472656,72.2105010986328],
[,326.1875,220.155938720703,94.1008422851562],
